10
150
0 14876 2
1 21682 9
2 18297 6
3 27215 6
4 32198 7
5 17284 11
6 28578 8
7 5940 15
8 10845 3
9 36646 9
10 20819 4
11 12876 5
12 27582 9
13 13859 9
14 30927 15
15 31467 13
16 41412 2
17 31410 3
18 33189 11
19 17843 12
20 1046 10
21 48522 15
22 2725 13
23 8555 8
24 34046 11
25 39212 12
26 25728 5
27 41410 2
28 30661 12
29 4786 15
30 16574 1
31 30019 1
32 5138 1
33 35077 7
34 1791 1
35 21709 4
36 20539 13
37 3211 10
38 35789 5
39 39570 8
40 32238 9
41 5921 10
42 17469 5
43 37389 1
44 16288 9
45 12049 1
46 26338 3
47 38767 6
48 4584 12
49 13525 15
50 22300 12
51 36952 12
52 1224 4
53 48686 12
54 21348 14
55 49131 9
56 16990 6
57 33035 7
58 16092 6
59 21605 1
60 37723 10
61 17703 14
62 17319 2
63 6878 5
64 16963 13
65 32220 12
66 22000 2
67 49986 11
68 35139 7
69 18207 1
70 34509 10
71 18187 2
72 25367 6
73 6406 14
74 9245 3
75 5190 15
76 25418 1
77 1416 8
78 35637 4
79 28638 3
80 2757 14
81 43454 14
82 15556 9
83 46883 2
84 30140 12
85 8578 12
86 5302 7
87 9895 6
88 43059 1
89 14390 5
90 28499 15
91 46885 6
92 25971 9
93 12127 10
94 11211 6
95 23763 11
96 26585 15
97 2024 4
98 35738 7
99 36596 15
100 17389 14
101 29245 11
102 45588 11
103 9209 14
104 34507 2
105 17802 6
106 25616 14
107 34737 1
108 26897 9
109 49079 13
110 35276 8
111 5127 12
112 47143 2
113 44310 3
114 17436 5
115 30574 14
116 25124 4
117 44390 9
118 12165 11
119 7248 14
120 36989 7
121 43409 15
122 46571 8
123 39290 13
124 9967 8
125 42192 4
126 13059 10
127 17095 9
128 13179 1
129 31051 12
130 9199 13
131 31784 6
132 3499 15
133 30951 14
134 6255 9
135 15565 15
136 31504 6
137 9478 8
138 18756 10
139 528 15
140 40699 7
141 47545 12
142 20239 4
143 42882 5
144 45084 4
145 26706 4
146 13008 7
147 17033 10
148 43578 1
149 32677 11
10
5 4
7 3
5 8
0 5
5 9
4 5
9 8
3 6
5 0
2 4
10
64 38
26 51
50 139
73 117
102 26
127 0
7 121
119 90
19 146
43 85
10
140 137
88 78
28 149
78 59
53 78
118 10
78 126
9 69
35 74
20 2
10
114 129
52 92
51 134
36 81
119 52
107 17
92 144
111 144
145 127
67 1
