100
300
0 46471 8
1 26170 14
2 5556 3
3 28194 10
4 16615 7
5 6846 12
6 28666 14
7 3615 1
8 41328 2
9 43015 9
10 46350 1
11 3189 4
12 27977 15
13 37540 3
14 14688 8
15 22468 14
16 20082 10
17 20817 9
18 37454 1
19 13489 6
20 46684 4
21 1707 7
22 16413 6
23 47332 11
24 42715 6
25 41001 4
26 11060 1
27 3236 15
28 18694 9
29 3955 14
30 45756 1
31 4344 10
32 9333 7
33 6447 14
34 31707 10
35 27925 13
36 14482 15
37 32620 1
38 45371 12
39 18756 15
40 3606 11
41 4408 3
42 27645 14
43 38264 1
44 34546 13
45 31318 12
46 16343 6
47 12606 15
48 2616 8
49 16318 7
50 21560 7
51 21997 4
52 7020 6
53 6065 4
54 17853 8
55 32985 7
56 31694 13
57 8778 7
58 24664 15
59 36618 3
60 32661 10
61 5735 7
62 31878 11
63 26220 9
64 30516 7
65 25145 6
66 48714 7
67 11464 5
68 49608 15
69 29511 7
70 35109 9
71 14155 5
72 45215 10
73 48103 7
74 40333 14
75 34561 2
76 14095 3
77 33363 8
78 20049 4
79 43790 13
80 9688 1
81 12173 12
82 30199 3
83 49130 13
84 27784 6
85 40882 11
86 4910 15
87 24925 15
88 39860 11
89 37036 5
90 27719 10
91 36883 10
92 16771 1
93 18293 9
94 41822 4
95 9285 3
96 831 11
97 11869 14
98 47218 10
99 14111 1
100 18858 11
101 20742 2
102 22683 6
103 4382 11
104 16724 8
105 35357 8
106 48725 9
107 1930 10
108 18895 11
109 25762 10
110 15987 10
111 19388 13
112 9063 12
113 13426 10
114 19664 2
115 35102 2
116 27999 7
117 40160 2
118 13652 2
119 29420 6
120 23053 4
121 6947 6
122 17326 6
123 23415 7
124 35135 2
125 14079 10
126 13188 3
127 2703 6
128 24905 14
129 41722 1
130 1947 1
131 30179 12
132 19532 14
133 35414 15
134 39856 14
135 10032 6
136 21307 12
137 26647 12
138 36717 6
139 48967 15
140 29494 7
141 44404 13
142 15950 13
143 32583 14
144 25057 12
145 34831 2
146 4221 14
147 12371 9
148 2779 7
149 12016 7
150 48335 10
151 23461 5
152 17820 2
153 1110 2
154 13042 9
155 4580 4
156 25297 6
157 8575 14
158 21117 13
159 21223 15
160 6656 8
161 15913 12
162 24570 10
163 4283 4
164 47958 2
165 18296 12
166 15821 15
167 48515 8
168 35350 3
169 31425 14
170 4215 6
171 19003 2
172 14053 7
173 4180 14
174 27762 1
175 3195 9
176 10423 4
177 12782 1
178 16508 1
179 38430 2
180 11487 8
181 22972 5
182 14999 13
183 41973 6
184 29138 2
185 5375 3
186 37865 12
187 27961 14
188 11702 10
189 7458 6
190 11565 12
191 14008 13
192 43319 13
193 45874 11
194 648 1
195 16461 9
196 25589 14
197 18834 2
198 3406 1
199 14153 8
200 12940 13
201 30510 8
202 41548 14
203 13722 4
204 41832 3
205 47926 11
206 33315 15
207 37753 12
208 36261 9
209 17980 4
210 46025 2
211 47896 4
212 35446 1
213 49810 15
214 4114 8
215 11462 4
216 26096 8
217 26552 3
218 37116 8
219 12210 15
220 7445 14
221 44464 5
222 5185 13
223 3830 6
224 36878 14
225 37949 8
226 26701 1
227 46783 15
228 27515 13
229 46384 11
230 33272 6
231 2214 8
232 2292 7
233 43128 14
234 12809 14
235 8163 13
236 45594 7
237 24906 12
238 22963 5
239 2649 4
240 26249 1
241 26990 15
242 17141 10
243 40140 14
244 524 14
245 22951 2
246 16883 14
247 25627 8
248 45481 1
249 3527 15
250 34349 11
251 17742 6
252 32453 9
253 35325 12
254 22714 4
255 14841 8
256 46719 11
257 16265 9
258 2198 4
259 3593 3
260 9550 14
261 36718 13
262 40590 14
263 26425 15
264 35851 11
265 8961 1
266 26759 14
267 11941 9
268 16909 10
269 15423 9
270 30035 2
271 9351 8
272 26167 10
273 2634 3
274 8292 14
275 37200 14
276 42925 15
277 49459 13
278 40613 14
279 20061 2
280 37842 8
281 36677 14
282 24778 10
283 27105 15
284 11674 9
285 13188 5
286 11083 5
287 41291 6
288 25129 12
289 30232 2
290 35783 7
291 21549 4
292 15825 3
293 37164 11
294 2384 11
295 36515 1
296 7843 9
297 22785 9
298 31886 6
299 39896 10
10
39 62
77 20
1 86
96 61
8 35
47 40
19 5
19 89
5 84
5 82
10
172 211
88 40
282 248
6 172
295 97
154 86
235 139
235 271
66 236
48 43
10
124 76
73 245
220 98
43 196
293 58
163 225
241 124
53 152
235 275
213 299
10
77 281
191 134
284 255
248 184
81 207
175 89
8 272
203 107
129 225
109 8
