10
50
0 50000 8
1 5000 5
2 5000 4
3 50000 1
4 5000 1
5 5000 10
6 5000 1
7 5000 2
8 5000 1
9 5000 1
10 50000 8
11 5000 5
12 5000 4
13 50000 1
14 5000 1
15 5000 10
16 5000 1
17 5000 2
18 5000 1
19 5000 1
20 50000 8
21 5000 5
22 5000 4
23 50000 1
24 5000 1
25 5000 10
26 5000 1
27 5000 2
28 5000 1
29 5000 1
30 50000 8
31 5000 5
32 5000 4
33 50000 1
34 5000 1
35 5000 10
36 5000 1
37 5000 2
38 5000 1
39 5000 1
40 50000 8
41 5000 5
42 5000 4
43 50000 1
44 5000 1
45 5000 10
46 5000 1
47 5000 2
48 5000 1
49 5000 1
5
0 1
1 2
2 3
3 4
4 5
1
1 2
3
1 3
2 5
3 6
4
1 5
2 6
3 7
4 8



